{
 "cells": [
  {
   "cell_type": "code",
   "execution_count": 1,
   "id": "3ae74c0d-5fbd-434e-9e92-5d32a674a9b0",
   "metadata": {},
   "outputs": [],
   "source": [
    "import numpy as np\n",
    "import matplotlib.pyplot as plt\n",
    "import time\n",
    "import random\n",
    "from mpmath import mp, matrix, eye\n",
    "import math"
   ]
  },
  {
   "cell_type": "code",
   "execution_count": 47,
   "id": "fc20eccb",
   "metadata": {},
   "outputs": [],
   "source": [
    "def set_precision(dps):\n",
    "    mp.dps = dps\n",
    "\n",
    "def rand_matrix(n: int, scale: float = 1.0):\n",
    "    return matrix([[mp.rand() * scale for _ in range(n)] for _ in range(n)])\n",
    "\n",
    "def symmetrize(A):\n",
    "    return (A + A.T) * mp.mpf('0.5')\n",
    "\n",
    "def eigh_mp(A):\n",
    "    vals, vecs = mp.eigh(A)\n",
    "    Q = matrix(vecs)\n",
    "    lam = list(vals)\n",
    "    return Q, lam\n",
    "\n",
    "def project_onto_A(A, tol=None):\n",
    "    \n",
    "    Q, lam = eigh_mp(A)\n",
    "    if tol is None:\n",
    "        tol = mp.mpf('0')\n",
    "    tol_im = mp.mpf(f'1e-{mp.dps}')  # imag-part tolerance for sanity check\n",
    "    lam_real = [mp.mpf(mp.re(lv)) if abs(mp.im(lv)) < tol_im else\n",
    "            (_ for _ in ()).throw(ValueError(f\"eig has non-negligible imag {lv}\"))\n",
    "            for lv in lam]\n",
    "    lam_clipped = [lv if lv > tol else mp.mpf('0') for lv in lam_real]\n",
    "    n = A.rows\n",
    "    D = matrix(n)\n",
    "    for i, v in enumerate(lam_clipped):\n",
    "        D[i, i] = v\n",
    "    return Q * D * Q.T\n",
    "\n",
    "def project_onto_B(A):\n",
    "    S = symmetrize(A)\n",
    "    n = S.rows\n",
    "    for i in range(n):\n",
    "        S[i, i] = mp.mpf('1')\n",
    "    return S\n",
    "\n",
    "def fro_norm(A):\n",
    "    return mp.sqrt(mp.fsum(A[i, j]**2 for i in range(A.rows) for j in range(A.cols)))\n",
    "\n",
    "def is_psd(A, tol=mp.mpf('0')):\n",
    "    \"\"\"\n",
    "    Return (ok, lam_min) where:\n",
    "      ok       : True iff λ_min(A_sym) >= -tol\n",
    "      lam_min  : smallest eigenvalue of the symmetrized matrix\n",
    "    tol = 0 enforces the exact (theoretical) PSD test; increase tol to be pragmatic.\n",
    "    \"\"\"\n",
    "    vals, _ = mp.eigh(A)          # real for symmetric S\n",
    "    lam_min = min(vals)\n",
    "    return (lam_min >= -tol), lam_min\n",
    "\n",
    "def is_psd_boundary(A, tol=mp.mpf('0')):\n",
    "    \"\"\"\n",
    "    Return (ok, lam_min) where:\n",
    "      ok       : True iff A is PSD and λ_min(A) is (numerically) zero,\n",
    "      lam_min  : smallest eigenvalue of the symmetrized matrix.\n",
    "    tol = 0 enforces the exact (theoretical) boundary test; increase tol\n",
    "    to allow for numerical tolerance.\n",
    "    \"\"\"\n",
    "\n",
    "    vals, _ = mp.eigh(A)\n",
    "    lam_min = min(vals)\n",
    "\n",
    "    # PSD if all eigenvalues >= -tol\n",
    "    psd = all(lv >= -tol for lv in vals)\n",
    "\n",
    "    # On the boundary if PSD and min eigenvalue is within tol of 0\n",
    "    on_boundary = psd and abs(lam_min) <= tol\n",
    "\n",
    "    return on_boundary, lam_min\n",
    "\n",
    "\n",
    "def is_S1(A, tol_sym=mp.mpf('0'), tol_diag=mp.mpf('0')):\n",
    "    \"\"\"\n",
    "    Check if A is (approximately) symmetric with diag=1.\n",
    "    \"\"\"\n",
    "    sym_err  = fro_norm(A - A.T) * mp.mpf('0.5')     # = ||skew(A)||_F\n",
    "    if A.rows > 0:\n",
    "        diag_err = max(abs(A[i,i] - mp.mpf('1')) for i in range(A.rows))\n",
    "    else:\n",
    "        diag_err = mp.mpf('0')\n",
    "    ok = (sym_err <= tol_sym) and (diag_err <= tol_diag)\n",
    "    return ok, {'sym_err': sym_err, 'diag_err': diag_err}\n",
    "\n",
    "def is_S11(A, tol_sym=mp.mpf('0'), tol_diag=mp.mpf('0')):\n",
    "    \"\"\"\n",
    "    Check if A is approximately symmetric (within tol_sym)\n",
    "    and satisfies X[0,0] = 1 (within tol_diag).\n",
    "    \"\"\"\n",
    "    sym_err = fro_norm(A - A.T)           # uses your existing fro_norm\n",
    "    x11_err = abs(A[0, 0] - mp.mpf('1')) if A.rows and A.cols else mp.mpf('0')\n",
    "\n",
    "    ok = (sym_err <= tol_sym) and (x11_err <= tol_diag)\n",
    "    return ok, {'sym_err': sym_err, 'x11_err': x11_err}\n",
    "\n",
    "\n",
    "\n",
    "\n",
    "def is_feasible_setting1(A, tol_psd=mp.mpf('0'), tol_sym=mp.mpf('0'), tol_diag=mp.mpf('0')):\n",
    "    \"\"\"\n",
    "    Check feasibility: PSD and in S1 (symmetric + diag=1).\n",
    "    \"\"\"\n",
    "    ok_psd, lam_min = is_psd(A, tol=tol_psd)\n",
    "    ok_s1, d        = is_S1(A, tol_sym=tol_sym, tol_diag=tol_diag)\n",
    "    ok = ok_psd and ok_s1\n",
    "    diags = {'lam_min': lam_min, **d}\n",
    "    return ok, diags\n",
    "\n",
    "def is_feasible_setting2(A, tol_psd=mp.mpf('0'), tol_sym=mp.mpf('0'), tol_diag=mp.mpf('0')):\n",
    "    \"\"\"\n",
    "    Check feasibility: PSDb and in S1 (symmetric + diag=1).\n",
    "    \"\"\"\n",
    "    ok_psd, lam_min = is_psd_boundary(A, tol=tol_psd)\n",
    "    ok_s1, d        = is_S1(A, tol_sym=tol_sym, tol_diag=tol_diag)\n",
    "    ok = ok_psd and ok_s1\n",
    "    diags = {'lam_min': lam_min, **d}\n",
    "    return ok, diags\n",
    "\n",
    "def is_feasible_setting3(A, tol_psd=mp.mpf('0'), tol_sym=mp.mpf('0'), tol_diag=mp.mpf('0')):\n",
    "    \"\"\"\n",
    "    Check feasibility: PSDb and in S1 (symmetric + entry1=1).\n",
    "    \"\"\"\n",
    "    ok_psd, lam_min = is_psd_boundary(A, tol=tol_psd)\n",
    "    ok_s1, d        = is_S11(A, tol_sym=tol_sym, tol_diag=tol_diag)\n",
    "    ok = ok_psd and ok_s1\n",
    "    diags = {'lam_min': lam_min, **d}\n",
    "    return ok, diags\n",
    "\n",
    "def vec_inner(u, v):\n",
    "    \"\"\"Inner product <u,v> treating matrices as flattened vectors.\"\"\"\n",
    "    return mp.fsum(u[i,j]*v[i,j] for i in range(u.rows) for j in range(u.cols))\n",
    "\n",
    "def vec_norm2(u):\n",
    "    \"\"\"Squared Frobenius norm.\"\"\"\n",
    "    return mp.fsum(u[i,j]**2 for i in range(u.rows) for j in range(u.cols))\n"
   ]
  },
  {
   "cell_type": "code",
   "execution_count": 50,
   "id": "0a0510ca",
   "metadata": {},
   "outputs": [],
   "source": [
    "def project_onto_A(A, tol=None):\n",
    "    # Eigendecomposition (assumes A is Hermitian / symmetric)\n",
    "    Q, lam = eigh_mp(A)\n",
    "\n",
    "    # Tolerances (use exact mpf types)\n",
    "    if tol is None:\n",
    "        tol = mp.mpf('0')              # treat exact zeros as semidefinite\n",
    "    tol_im = mp.mpf(f'1e-{mp.dps}')  # imag-part tolerance for sanity check\n",
    "\n",
    "    # Real-part extraction with sanity check\n",
    "    lam_real = [mp.mpf(mp.re(lv)) if abs(mp.im(lv)) < tol_im\n",
    "                else (_ for _ in ()).throw(ValueError(f\"eig has non-negligible imag {lv}\"))\n",
    "                for lv in lam]\n",
    "\n",
    "    # If any eigenvalue is <= tol, do standard PSD clipping; else (PD) push to boundary\n",
    "    if any(lv <= tol for lv in lam_real):\n",
    "        lam_mod = [lv if lv > tol else mp.mpf('0') for lv in lam_real]\n",
    "    else:\n",
    "        # Already PD: zero the smallest eigenvalue (force rank drop)\n",
    "        k_min = min(range(len(lam_real)), key=lambda i: lam_real[i])\n",
    "        lam_mod = lam_real[:]\n",
    "        lam_mod[k_min] = mp.mpf('0')\n",
    "    # Reassemble\n",
    "    D = matrix(len(lam_mod))\n",
    "    for i, v in enumerate(lam_mod):\n",
    "        D[i, i] = v\n",
    "\n",
    "    # If A is real-symmetric, Q.T is fine; for complex Hermitian, use Q.conjugate().T\n",
    "    return Q * D * Q.T"
   ]
  },
  {
   "cell_type": "code",
   "execution_count": 4,
   "id": "bd22ce00",
   "metadata": {},
   "outputs": [],
   "source": [
    "def project_onto_B(A):\n",
    "    S = symmetrize(A)\n",
    "    S[0, 0] = mp.mpf('1')\n",
    "    return S"
   ]
  },
  {
   "cell_type": "code",
   "execution_count": null,
   "id": "0b7db7d0",
   "metadata": {},
   "outputs": [],
   "source": []
  },
  {
   "cell_type": "code",
   "execution_count": 5,
   "id": "95a1d7b5",
   "metadata": {},
   "outputs": [],
   "source": [
    "def douglas_rachford(M, max_iterates, ignore_tol=False, tol_stop=mp.mpf('1e-6')):\n",
    "    \"\"\"\n",
    "    High-precision Douglas–Rachford using existing project_onto_A and project_onto_B.\n",
    "    \n",
    "    Args:\n",
    "        M            : starting matrix (mpmath.matrix)\n",
    "        max_iterates : maximum number of iterations\n",
    "        ignore_tol   : if True, ignore stopping tolerance\n",
    "        tol_stop     : tolerance for stopping based on successive P_B iterates\n",
    "        \n",
    "    Returns:\n",
    "        (last_proj, tol, iters, Xi, Proj_Xi)\n",
    "    \"\"\"\n",
    "    Xi = [M]\n",
    "    Proj_Xi = [project_onto_B(M)]\n",
    "    iterates = 0\n",
    "    \n",
    "    while iterates < max_iterates:\n",
    "        Xk = Xi[-1]\n",
    "\n",
    "        PB = project_onto_B(Xk)\n",
    "        RB = PB*2 - Xk\n",
    "\n",
    "        PARB = project_onto_A(RB)\n",
    "        RARB = PARB*2 - RB\n",
    "\n",
    "        # relaxation 1/2: X_{k+1} = 0.5*R_A R_B X_k + 0.5*X_k\n",
    "        X_next = (RARB + Xk) * mp.mpf('0.5')\n",
    "        Xi.append(X_next)\n",
    "\n",
    "        PB_next = project_onto_B(X_next)\n",
    "        Proj_Xi.append(PB_next)\n",
    "\n",
    "        iterates += 1\n",
    "        tol = fro_norm(PB_next - Proj_Xi[-2])\n",
    "\n",
    "        if (not ignore_tol) and (tol < tol_stop):\n",
    "            break\n",
    "    \n",
    "    return Proj_Xi[-1], tol, iterates, Xi, Proj_Xi\n"
   ]
  },
  {
   "cell_type": "code",
   "execution_count": 6,
   "id": "ad7b5a8a-4cbf-4cf1-85cd-f0211c492941",
   "metadata": {},
   "outputs": [],
   "source": [
    "def TTx(M):\n",
    "    \"\"\"\n",
    "    Do two Douglas–Rachford updates in high precision (mpmath).\n",
    "    Returns the initial matrix and the next two iterates.\n",
    "    \"\"\"\n",
    "    Xi = [M]  # initial point\n",
    "    for _ in range(2):\n",
    "        PB   = project_onto_B(Xi[-1])\n",
    "        RB   = PB*2 - Xi[-1]\n",
    "        PARB = project_onto_A(RB)\n",
    "        RARB = PARB*2 - RB\n",
    "        T    = (RARB + Xi[-1]) * mp.mpf('0.5')   # high-precision 1/2\n",
    "        Xi.append(T)\n",
    "    return Xi[0], Xi[1], Xi[2]\n"
   ]
  },
  {
   "cell_type": "code",
   "execution_count": 28,
   "id": "d7cb33d5-3296-4910-85b1-3244c4f7ad57",
   "metadata": {},
   "outputs": [],
   "source": [
    "def lyapunov_surrogate(x, max_iterates, ignore_tol=False):\n",
    "    iterates = 0\n",
    "    Xi = [x]\n",
    "    Proj_Xi = [project_onto_B(x)]\n",
    "\n",
    "    stopping_threshold = mp.mpf('1e-6') if not ignore_tol else mp.mpf('1e-30')\n",
    "    iterate_increment  = 2 if not ignore_tol else 1\n",
    "\n",
    "    while iterates < max_iterates:\n",
    "        ttx = TTx(Xi[-1])   # returns (x, T(x), TT(x))\n",
    "        w1  = ttx[1] - ttx[0]\n",
    "        w2  = ttx[2] - ttx[0]\n",
    "\n",
    "        w1_norm_sq = vec_norm2(w1)\n",
    "        w2_norm_sq = vec_norm2(w2)\n",
    "        product    = vec_inner(w1, w2)\n",
    "\n",
    "        # Fixed point test\n",
    "        if fro_norm(w2) < mp.mpf('1e-15') and not ignore_tol:\n",
    "            Xi.append(ttx[2])\n",
    "            Proj_Xi.append(project_onto_B(Xi[-1]))\n",
    "            tol = fro_norm(ttx[2]-ttx[1])\n",
    "            iterates += iterate_increment\n",
    "            break\n",
    "        \n",
    "        if fro_norm(w2) == mp.mpf('0') and ignore_tol:\n",
    "            Xi.append(ttx[1])\n",
    "            Proj_Xi.append(project_onto_B(Xi[-1]))\n",
    "            tol = fro_norm(Proj_Xi[-1]-Proj_Xi[-2])\n",
    "            iterates += 1\n",
    "            print(\"dr update: denominator is zero\")\n",
    "            continue\n",
    "        \n",
    "        collinear = mp.mpf('1') - (product**2) / (w1_norm_sq * w2_norm_sq)\n",
    "\n",
    "        if collinear > mp.mpf('1e-15') or ignore_tol:\n",
    "            # Matrix and vector for mu\n",
    "            Mmat = matrix([\n",
    "                [w2_norm_sq, -product],\n",
    "                [-product,   w1_norm_sq]\n",
    "            ])\n",
    "            Vvec = matrix([\n",
    "                [w1_norm_sq],\n",
    "                [w2_norm_sq - product + w1_norm_sq]\n",
    "            ])\n",
    "            denom = w1_norm_sq * w2_norm_sq - product**2\n",
    "            print(\"LT denom is:\", denom)\n",
    "            if denom == mp.mpf('0'):\n",
    "                Xi.append(ttx[1])\n",
    "                Proj_Xi.append(project_onto_B(Xi[-1]))\n",
    "                tol = fro_norm(Proj_Xi[-1]-Proj_Xi[-2])\n",
    "                iterates += 1\n",
    "                print(\"dr update: denominator is zero\")\n",
    "                continue\n",
    "            mu    = (mp.mpf('1')/denom) * (Mmat * Vvec)\n",
    "\n",
    "            # LT step\n",
    "            LT = ttx[0] + mu[0] * w1 + mu[1] * w2\n",
    "            Xi.append(LT)\n",
    "            Proj_Xi.append(project_onto_B(Xi[-1]))\n",
    "\n",
    "            tol = fro_norm(Proj_Xi[-1]-Proj_Xi[-2])\n",
    "            iterates += iterate_increment\n",
    "            print(\"lt update\")\n",
    "            if tol < stopping_threshold and not ignore_tol:\n",
    "                break\n",
    "        else:\n",
    "            # Collinear points → just T(x)\n",
    "            Xi.append(ttx[1])\n",
    "            Proj_Xi.append(project_onto_B(Xi[-1]))\n",
    "            print(\"dr update, collinear\")\n",
    "            tol = fro_norm(Proj_Xi[-1]-Proj_Xi[-2])\n",
    "            iterates += 1\n",
    "\n",
    "            if tol < stopping_threshold and not ignore_tol:\n",
    "                break\n",
    "\n",
    "    return Proj_Xi[-1], tol, iterates, Xi, Proj_Xi\n"
   ]
  },
  {
   "cell_type": "code",
   "execution_count": null,
   "id": "6b9657e6-fa71-4312-b340-389299077835",
   "metadata": {},
   "outputs": [],
   "source": [
    "def projected_lyapunov_surrogate(x, max_iterates, ignore_tol=False,\n",
    "                                 tol_threshold=mp.mpf('1e-6')):\n",
    "    \"\"\"\n",
    "    mpmath-precision 'projected' Lyapunov Surrogate:\n",
    "      - maintains both P_A(X_k) and P_B(X_k)\n",
    "      - uses TTx on the latest A-projection\n",
    "\n",
    "    Assumes the following are already defined for mpmath.matrices:\n",
    "      project_onto_A, project_onto_B, TTx\n",
    "    \"\"\"\n",
    "    \n",
    "\n",
    "    stopping_threshold = (tol_threshold if not ignore_tol else mp.mpf('1e-40'))\n",
    "    iterate_increment  = (2 if not ignore_tol else 1)\n",
    "\n",
    "    iterates = 0\n",
    "    Xi      = [x]\n",
    "    ProjB   = [project_onto_B(x)]  # P_A(X_0)\n",
    "    ProjA   = [project_onto_B(x)]  # P_B(X_0)\n",
    "\n",
    "    while iterates < max_iterates:\n",
    "        # Use TTx on the latest A-projection (as per your docstring)\n",
    "        XA         = ProjA[-1]\n",
    "        x0, x1, x2 = TTx(XA)  # all mpmath.matrices\n",
    "\n",
    "        # w1 = T(x) - x, w2 = TT(x) - x\n",
    "        w1 = x1 - x0\n",
    "        w2 = x2 - x0\n",
    "\n",
    "        # norms / inner products\n",
    "        w1_ns = vec_norm2(w1)              # ||w1||_F^2\n",
    "        w2_ns = vec_norm2(w2)              # ||w2||_F^2\n",
    "        prod  = vec_inner(w1, w2)          # <w1, w2>_F\n",
    "\n",
    "        # fixed-point checks on w2\n",
    "        norm_w2 = fro_norm(w2)\n",
    "        if (not ignore_tol and norm_w2 < mp.mpf('1e-15')):\n",
    "            Xi.append(x2)\n",
    "            ProjA.append(project_onto_B(Xi[-1]))\n",
    "            ProjB.append(project_onto_B(Xi[-1]))\n",
    "            tol = fro_norm(x2 - x1)\n",
    "            iterates += iterate_increment\n",
    "            print(\"dr update: denominator is zero\")\n",
    "            if (not ignore_tol) and (tol <= stopping_threshold):\n",
    "                break\n",
    "            continue\n",
    "        \n",
    "        if norm_w2 == mp.mpf('0') and ignore_tol:\n",
    "            Xi.append(x1)\n",
    "            ProjB.append(project_onto_B(Xi[-1]))\n",
    "            tol = fro_norm(ProjB[-1]-ProjB[-2])\n",
    "            iterates += 1\n",
    "            print(\"dr update: denominator is zero\")\n",
    "            continue\n",
    "\n",
    "        # Collinearity measure: 1 - (prod^2)/(||w1||^2 ||w2||^2)\n",
    "        collinear = mp.mpf('1') - (prod*prod) / (w1_ns * w2_ns)\n",
    "\n",
    "        if collinear > mp.mpf('1e-15') or ignore_tol:\n",
    "            # Closed-form 2x2 solve for (mu1, mu2)\n",
    "            a   = w2_ns\n",
    "            b   = w1_ns\n",
    "            c   = prod\n",
    "            den = a*b - c*c\n",
    "            print(\"PLT denom is:\", den)\n",
    "            if den == mp.mpf('0'):\n",
    "                Xi.append(x1)\n",
    "                ProjB.append(project_onto_B(Xi[-1]))\n",
    "                tol = fro_norm(ProjB[-1]-ProjB[-2])\n",
    "                iterates += 1\n",
    "                print(\"dr update: denominator is zero\")\n",
    "                continue\n",
    "            v1  = b\n",
    "            v2  = (a - c + b)\n",
    "            mu1 = (a*v1 + (-c)*v2) / den\n",
    "            mu2 = ((-c)*v1 + b*v2) / den\n",
    "\n",
    "            # LT = x + mu1*w1 + mu2*w2\n",
    "            LT = x0 + mu1*w1 + mu2*w2\n",
    "\n",
    "            Xi.append(LT)\n",
    "            ProjA.append(project_onto_B(LT))\n",
    "            ProjB.append(project_onto_B(LT))\n",
    "\n",
    "            tol = fro_norm(ProjA[-1] - ProjA[-2])   # stopping on A-shadow\n",
    "            iterates += iterate_increment\n",
    "            print(\"plt update\")\n",
    "            if (not ignore_tol) and (tol <= stopping_threshold):\n",
    "                break\n",
    "        else:\n",
    "            # Collinear → take T(x)\n",
    "            Xi.append(x1)\n",
    "            ProjA.append(project_onto_B(Xi[-1]))\n",
    "            ProjB.append(project_onto_B(Xi[-1]))\n",
    "            tol = fro_norm(ProjA[-1] - ProjA[-2])   # stopping on A-shadow\n",
    "            iterates += 1\n",
    "            print(\"dr update: collinear\")\n",
    "            if (not ignore_tol) and (tol <= stopping_threshold):\n",
    "                break\n",
    "\n",
    "    # Return: P_A(last), tol, iter count, raw iterates, A-shadow sequence\n",
    "    return ProjA[-1], tol, iterates, Xi, ProjA\n"
   ]
  },
  {
   "cell_type": "code",
   "execution_count": 9,
   "id": "2b259d70-e252-414f-99de-6e496aa6b7d8",
   "metadata": {},
   "outputs": [],
   "source": [
    "\n",
    "def Repeated(Zi_list, max_iterates, exp):\n",
    "    # Clamp exp to available starts\n",
    "    exp = min(exp, len(Zi_list))\n",
    "\n",
    "    def DR_repeated(Zi_list, max_iterates, exp):\n",
    "        DR_list, tolerance, num_it, T_DR, Validity = [], [], [], [], []\n",
    "        for i in range(exp):\n",
    "            Zi = Zi_list[i]\n",
    "            t0 = time.perf_counter()\n",
    "            Proj_B, tol, iters, *_ = douglas_rachford(Zi, max_iterates)\n",
    "            T_DR.append(time.perf_counter() - t0)\n",
    "            DR_list.append(Proj_B)\n",
    "            tolerance.append(tol)\n",
    "            num_it.append(iters)\n",
    "            Validity.append(is_feasible(Proj_B))\n",
    "        return DR_list, tolerance, num_it, T_DR, Validity\n",
    "\n",
    "    def LT_repeated(Zi_list, max_iterates, exp):\n",
    "        LT_list, tolerance, num_it, T_LT, Validity = [], [], [], [], []\n",
    "        for i in range(exp):\n",
    "            Zi = Zi_list[i]\n",
    "            t0 = time.perf_counter()\n",
    "            Proj_B, tol, iters, *_ = lyapunov_surrogate(Zi, max_iterates)\n",
    "            T_LT.append(time.perf_counter() - t0)\n",
    "            LT_list.append(Proj_B)\n",
    "            tolerance.append(tol)\n",
    "            num_it.append(iters)\n",
    "            Validity.append(is_feasible(Proj_B))\n",
    "        return LT_list, tolerance, num_it, T_LT, Validity\n",
    "\n",
    "    def PLT_repeated(Zi_list, max_iterates, exp):\n",
    "        PLT_list, tolerance, num_it, T_PLT, Validity = [], [], [], [], []\n",
    "        for i in range(exp):\n",
    "            Zi = Zi_list[i]\n",
    "            t0 = time.perf_counter()\n",
    "            Proj_B, tol, iters, *_ = projected_lyapunov_surrogate(Zi, max_iterates)\n",
    "            T_PLT.append(time.perf_counter() - t0)\n",
    "            PLT_list.append(Proj_B)\n",
    "            tolerance.append(tol)\n",
    "            num_it.append(iters)\n",
    "            Validity.append(is_feasible(Proj_B))\n",
    "        return PLT_list, tolerance, num_it, T_PLT, Validity\n",
    "\n",
    "    DR  = DR_repeated(Zi_list, max_iterates, exp)\n",
    "    LT  = LT_repeated(Zi_list, max_iterates, exp)\n",
    "    PLT = PLT_repeated(Zi_list, max_iterates, exp)\n",
    "    return DR, LT, PLT\n"
   ]
  },
  {
   "cell_type": "code",
   "execution_count": 10,
   "id": "86c907a6-59aa-453a-b53e-2f6e888f0b98",
   "metadata": {},
   "outputs": [],
   "source": [
    "def count_true(lst):\n",
    "    return sum(1 for item in lst if item)"
   ]
  },
  {
   "cell_type": "code",
   "execution_count": 11,
   "id": "7f1bdacd",
   "metadata": {},
   "outputs": [],
   "source": [
    "def uniform01_fixed(rng, bits=64):\n",
    "    # exact rational in [0,1)\n",
    "    num = rng.getrandbits(bits)\n",
    "    den = 1 << bits\n",
    "    return mp.mpf(num) / den  # value is independent of mp.dps\n",
    "\n",
    "def uniform_ab(rng, a, b, bits=64):\n",
    "    u = uniform01_fixed(rng, bits)\n",
    "    return a + (b - a) * u\n",
    "\n",
    "\n",
    "def rand_matrix_fixed(n, rng, a=-1, b=1, bits=64):\n",
    "    M = matrix(n, n)\n",
    "    for i in range(n):\n",
    "        for j in range(n):\n",
    "            M[i, j] = uniform_ab(rng, a, b, bits)\n",
    "    return M\n",
    "\n"
   ]
  },
  {
   "cell_type": "code",
   "execution_count": 13,
   "id": "8ef47053-0892-4c82-a440-4e1fb6f744be",
   "metadata": {},
   "outputs": [
    {
     "data": {
      "text/plain": [
       "matrix(\n",
       "[['0.6045301188004360246985081256570440523483665519045405589526966598850273732993431701127941269025001247428008355200290679931640625', '-0.40983605880649758187571670457502657506819471223697638530722275536523017279123159672103195172443435012610279954969882965087890625'],\n",
       " ['-0.40983605880649758187571670457502657506819471223697638530722275536523017279123159672103195172443435012610279954969882965087890625', '-0.5800903822347878689030705744512932189634221351806010043737648239265478820376841420495585277539163371329777874052524566650390625']])"
      ]
     },
     "execution_count": 13,
     "metadata": {},
     "output_type": "execute_result"
    }
   ],
   "source": [
    "precision=300\n",
    "set_precision(precision)\n",
    "master_seed = 1  # change to get a different reproducible stream\n",
    "rng = random.Random(master_seed)\n",
    "\n",
    "exp = 10\n",
    "n   = 2\n",
    "M_list = []\n",
    "for _ in range(exp):\n",
    "    A = rand_matrix_fixed(n, rng, a=-1,b=1, bits=128)\n",
    "    M = symmetrize(A)\n",
    "    M_list.append(M)\n",
    "M_list[0]"
   ]
  },
  {
   "cell_type": "code",
   "execution_count": 14,
   "id": "c0ee5a1b",
   "metadata": {},
   "outputs": [
    {
     "name": "stdout",
     "output_type": "stream",
     "text": [
      "[[ 0.718352 -0.106409]\n",
      " [-0.106409  0.015762]]\n"
     ]
    }
   ],
   "source": [
    "def round_matrix(M, ndigits=None, tol_im=None):\n",
    "    \"\"\"\n",
    "    Convert an mpmath matrix (possibly complex) to a NumPy float64 array.\n",
    "    - Checks imaginary parts against tol_im, then discards them.\n",
    "    - Optional decimal rounding via Python's round (post float conversion).\n",
    "    \"\"\"\n",
    "    if tol_im is None:\n",
    "        tol_im = mp.mpf(f'1e-{mp.dps//2}')  # precision-aware default\n",
    "\n",
    "    rows, cols = M.rows, M.cols\n",
    "    A = np.empty((rows, cols), dtype=np.float64)\n",
    "\n",
    "    for i in range(rows):\n",
    "        for j in range(cols):\n",
    "            v = M[i, j]\n",
    "            re, im = mp.re(v), mp.im(v)\n",
    "            if abs(im) > tol_im:\n",
    "                raise ValueError(f\"Unexpected imaginary part at ({i},{j}): {im}\")\n",
    "            x = float(re)  # may lose precision if re is very large/small\n",
    "            if ndigits is not None:\n",
    "                x = round(x, ndigits)\n",
    "            A[i, j] = x\n",
    "    return A\n",
    "\n",
    "def round_vector(v, ndigits=6, tol=None):\n",
    "    \"\"\"Convert list/tuple of mpc/mpf values to rounded mpf with imag discarded.\"\"\"\n",
    "    if tol is None:\n",
    "        tol = mp.eps * 10\n",
    "    out = []\n",
    "    for x in v:\n",
    "        re, im = mp.re(x), mp.im(x)\n",
    "        if abs(im) > tol:\n",
    "            raise ValueError(f\"Unexpected imaginary part: {im}\")\n",
    "        out.append(mp.mpf(mp.nstr(re, n=ndigits)))\n",
    "    return out\n",
    "\n",
    "# Example usage\n",
    "rounded = round_matrix(project_onto_A(M), ndigits=6)\n",
    "\n",
    "mp.mpf(f'1e-{mp.dps}')\n",
    "print(rounded)\n"
   ]
  },
  {
   "cell_type": "code",
   "execution_count": 15,
   "id": "003a26ad",
   "metadata": {},
   "outputs": [],
   "source": [
    "\n",
    "random.seed(1)  # mpmath uses Python’s RNG internally\n",
    "\n",
    "exp = 10\n",
    "n   = 10\n",
    "M_list = []\n",
    "for _ in range(exp):\n",
    "    A = rand_matrix(n, scale=4.0)\n",
    "    M = symmetrize(A)\n",
    "    M_list.append(M)\n",
    "M=M_list[0]"
   ]
  },
  {
   "cell_type": "code",
   "execution_count": 16,
   "id": "3d092fcd-c14f-4209-bea8-b6f1ee026fe6",
   "metadata": {
    "scrolled": true
   },
   "outputs": [
    {
     "data": {
      "text/plain": [
       "(8,\n",
       " (False,\n",
       "  {'lam_min': mpf('5.59492418271135349767173849637800886815761745482553098338794283057036629280967889848323745465465491310358143864112420678012212400855314203648692634112683894272780227326230029738312712406745258841074807482900881264190501228767464121122783805520530862216086223755640698237524042970970895014254472531002629e-302'),\n",
       "   'sym_err': mpf('0.0'),\n",
       "   'diag_err': mpf('3.61142486137305304107241577717304211988544260806538699172817203959780634347362778190285102938424873281872699273691350932113489781734546944898896402568502549578537815640658257151044248235519009909767508455105813803171671200950697018633604842299823263001651273437046379543449911153581080897200966029437067')}),\n",
       " array([[1.      , 0.84954 , 1.077193, 0.963339, 0.904191, 0.849577,\n",
       "         1.060389, 0.853149, 0.777726, 1.021916],\n",
       "        [0.84954 , 2.420141, 1.808578, 1.97128 , 2.399109, 1.782609,\n",
       "         2.830984, 1.849076, 1.028511, 1.149223],\n",
       "        [1.077193, 1.808578, 3.079713, 2.29847 , 2.241432, 2.504242,\n",
       "         2.236634, 2.018238, 2.390931, 2.833593],\n",
       "        [0.963339, 1.97128 , 2.29847 , 2.392341, 1.830303, 1.503588,\n",
       "         2.610071, 2.074021, 1.656865, 2.585661],\n",
       "        [0.904191, 2.399109, 2.241432, 1.830303, 2.808823, 2.471131,\n",
       "         2.673158, 1.7537  , 1.524723, 0.932266],\n",
       "        [0.849577, 1.782609, 2.504242, 1.503588, 2.471131, 2.828473,\n",
       "         1.769864, 1.480234, 1.598599, 1.454663],\n",
       "        [1.060389, 2.830984, 2.236634, 2.610071, 2.673158, 1.769864,\n",
       "         3.57313 , 2.337663, 1.597757, 1.69593 ],\n",
       "        [0.853149, 1.849076, 2.018238, 2.074021, 1.7537  , 1.480234,\n",
       "         2.337663, 1.837459, 1.321682, 2.16341 ],\n",
       "        [0.777726, 1.028511, 2.390931, 1.656865, 1.524723, 1.598599,\n",
       "         1.597757, 1.321682, 2.616131, 1.830428],\n",
       "        [1.021916, 1.149223, 2.833593, 2.585661, 0.932266, 1.454663,\n",
       "         1.69593 , 2.16341 , 1.830428, 4.611425]]))"
      ]
     },
     "execution_count": 16,
     "metadata": {},
     "output_type": "execute_result"
    }
   ],
   "source": [
    "DR_X = douglas_rachford(M,300)\n",
    "DR_X[2], is_feasible_setting1(DR_X[0]), round_matrix(DR_X[0],ndigits=6)"
   ]
  },
  {
   "cell_type": "code",
   "execution_count": 17,
   "id": "3f394b7f-9199-4152-adb5-8d384a56509d",
   "metadata": {
    "scrolled": true
   },
   "outputs": [
    {
     "name": "stdout",
     "output_type": "stream",
     "text": [
      "LT denom is: 38.9328197108677010619221943688526542269475994417897101390452381028009243688608741396526181409963016783326129972831268020731446460901047484030385333718322345851976634394669536699272068974869008495682984599094716168967540697518677097176821711415944371124004208199902716131435110836752585258693218578512\n",
      "lt update\n",
      "LT denom is: 0.0824189652381712830299075250969492936136951855541520623405572517702089607006492319929199954708959874528146769525151288379611867327109252312971435270184180137065731499918056490202338544816837051421142063817443967096061553674349753695787169711627529026636118333352737052459908509259961976340465847320394\n",
      "lt update\n",
      "LT denom is: 0.208216268040647289075809106626102423726119016648065983775192342427714896481903791630324347351566861771290736050822041500924627443497352111029287819611438799183248157128265326481923180235568923280357957802148991679403932709364198462096096990393285598832294778368962725394005650788886991045480318497405\n",
      "lt update\n",
      "LT denom is: 0.00526548392201729062377045942483750481321995467846284356279399261961508976863192829876735270356062444635242663084423332247336355968979267253191988672481545390943758044273324695772043113103118190592651805198350385170870664749660725142235638752904590138937893556668765288262925560838732198284863198771391\n",
      "lt update\n",
      "LT denom is: 0.00000785036479092660049227334411684341023896678804559337823240638395128284641144135122548470439206097974481529248342047207071355891734564316270785868761825936998623063042224903387434782057092285090760016384299999096880505527389241929845681521107136437104560197527088558440396001859404852150090767521971442\n",
      "lt update\n",
      "LT denom is: 0.000000000000000000000000090012564946868907994541094119891443998143872369987250644560564492751192829163237411584904455162855948498964335808973577740698416970661712707109775235502341755683910610337223520192901403222840857035585433541745806521533323603932998967116264906060190842408789002375531174502248630423039948510540411296\n",
      "lt update\n",
      "LT denom is: 0.00000000000000000000000000000000000000000000000194060282217419983108956238740652489412468150616091284974834238100431826868112677268184034690247733819189657111271891658304796000479553072560983827391710489250843738753774770897700160377902472533328140339145881006326914747516299061979091674478427956047491363655312272164616704391964140530600606806508\n",
      "lt update\n"
     ]
    },
    {
     "ename": "NameError",
     "evalue": "name 'is_feasible' is not defined",
     "output_type": "error",
     "traceback": [
      "\u001b[1;31m---------------------------------------------------------------------------\u001b[0m",
      "\u001b[1;31mNameError\u001b[0m                                 Traceback (most recent call last)",
      "Cell \u001b[1;32mIn[17], line 2\u001b[0m\n\u001b[0;32m      1\u001b[0m LT_X \u001b[38;5;241m=\u001b[39m lyapunov_surrogate(M,\u001b[38;5;241m300\u001b[39m)\n\u001b[1;32m----> 2\u001b[0m LT_X[\u001b[38;5;241m2\u001b[39m],is_feasible(LT_X[\u001b[38;5;241m0\u001b[39m])\n",
      "\u001b[1;31mNameError\u001b[0m: name 'is_feasible' is not defined"
     ]
    }
   ],
   "source": [
    "LT_X = lyapunov_surrogate(M,300)\n",
    "LT_X[2],is_feasible(LT_X[0])"
   ]
  },
  {
   "cell_type": "code",
   "execution_count": null,
   "id": "83f9d15f-5e4e-48a8-a884-4bc4ffc5eb15",
   "metadata": {
    "scrolled": true
   },
   "outputs": [
    {
     "data": {
      "text/plain": [
       "(15,\n",
       " (False,\n",
       "  {'lam_min': mpf('0.0068492841661374966082260380153587069542054651366904852002242180848056107893930465197101531441016550569049710869207503622927723663307'),\n",
       "   'sym_err': mpf('1.4747002923280286723017426331308526109919256810060051398105072244653713624700571979904026847932485160456947075605354655489454747732e-129'),\n",
       "   'diag_err': mpf('2.5967752362522381883384492769522344043949226087658940098725159818008353660165647926750883540878542789945392223125688886533929055624e-128')}),\n",
       " matrix(\n",
       " [['0.99999999999999999999999999999999999999999999999999999999999999999999999999999999999999999999999999999999999999999999999999999999', '0.53953897958197316096544157536712829711139343963711897121985316855222770082125700937315942109445644441130170255529984896610941469', '0.53484964206370113219310773691787321394013360414075460057412816516309014933595343677358795437602250004683069804265564062839943317', '0.47212382605400485032486317725553583336885222079826137471894461329083979742591657039788153690501044728363315542422558362549198608', '0.50506909108423574766664434115391454410084214852581394454466173939452164581784603710897226899354888186965560435904820927136893945', '-0.094189730695948649899143003838898136698155758032267555404774200006514354556193863956514045092022065100647248223367182643271553278', '0.59150369427571910902695188965854416353549917377637360525766003329144834182271004270378008505540542724947572026807417116816370389', '0.19924374641001931478373757208241452320003462404336479054433446407372710117988996379471825673752320438415867740595995234460989924', '0.4350162672205188713393917250215951392862030840049855146710369722562657220139916384009869418411281744801863707285367642699462124', '0.18404359225361998984454759548415441739144730451745542196323053638225729148599735430826656165130548090497589432209854751682825362'],\n",
       "  ['0.53953897958197316096544157536712829711139343963711897121985316855222770082125700937315942109445644441130170255529984896610941469', '1.0', '0.70555375704544282318802541502872397411378606841206308295509830836840303468794835735985779681979993694601015676608419867375742225', '0.30133002742871914467647560890301584821694501969896622445295515691194262559627198079231635337475808141669263370746490149818497638', '0.068836146505227956942299630472381114179504275948748634700292049110874501498441820937281651902422635642438796784372984193307178129', '0.35172261573117491497062323945240864736668057344445714180169195496313715362523240887590112189732895866750692563405882678086049606', '0.69210497556456528719566701871578184147775969222999014437835717296407101320293022837750580273294620475007936942761166767407163363', '0.35763292253548896402595315995103721701780341884383322199139103075524889065215118704180822362605262797559669449382047412696332846', '0.24796288129245306788161085748472796173029046774012964585154346729128000583806269484528935356613728119694538493230559663812508877', '0.089376833603164986775651289658790659798334414666232575536985782294302064879507871575135318316574566556237976909495580356092490142'],\n",
       "  ['0.53484964206370113219310773691787321394013360414075460057412816516309014933595343677358795437602250004683069804265564062839943317', '0.70555375704544282318802541502872397411378606841206308295509830836840303468794835735985779681979993694601015676608419867375742225', '0.99999999999999999999999999999999999999999999999999999999999999999999999999999999999999999999999999999999999999999999999999999999', '0.53686295692837591950951798119888859116764924551051785574712389490123124187381684150985318026910139446915104349640280310079184378', '0.047863317621301722945013615676484277411888487793888361377838052224985534731481610607881096149859932079190879477524597369241153743', '0.3871110775884176404384217160100269471337466680125746003382998578433913485485037122414638266274691684673603306087931834909629231', '0.36210476520060706166866974719520740391757226796485725310955697990988311050947012069493306286861840418958124489419842923142167755', '0.037931579222090189340281906772785485089590957661853986768122609011205867776762776811197966839215410090694098004014664092626579295', '0.28467801433190062198861055025116351277432807644208155794240142894260243768234965680263413706844446538481901724465569652383084393', '0.12186194610136116703462040934521199662499686790726788100276319011020525875361444916809138322980466677958215322509518508461745811'],\n",
       "  ['0.47212382605400485032486317725553583336885222079826137471894461329083979742591657039788153690501044728363315542422558362549198608', '0.30133002742871914467647560890301584821694501969896622445295515691194262559627198079231635337475808141669263370746490149818497638', '0.53686295692837591950951798119888859116764924551051785574712389490123124187381684150985318026910139446915104349640280310079184378', '1.0', '0.34221168521618548454536720211315853877426193317276336828200609808615981598946394977689554259911737654285385159430107622446562775', '0.49097828130528765371204182863483900700371569262973384092970571341965529998146221796035888071881724965802889172998152534429939629', '-0.13298401316758430494674246987084716916082268548320644495514479100203656273649717146489378731886407135121152976731364682481037021', '0.087310253205126428951067059424649854234909052865338123438690725181961342509141914998381127536884028824419333208828479231823099487', '0.78983739463219297855110753693498742564486928692823650110921015326471360564981990584305193266367164365085967858350446337219206689', '0.59417681323543725639834385642450867106438425405862984085277541144479145539284762057654092060073372015690066143280523701524024258'],\n",
       "  ['0.50506909108423574766664434115391454410084214852581394454466173939452164581784603710897226899354888186965560435904820927136893945', '0.068836146505227956942299630472381114179504275948748634700292049110874501498441820937281651902422635642438796784372984193307178129', '0.047863317621301722945013615676484277411888487793888361377838052224985534731481610607881096149859932079190879477524597369241153743', '0.34221168521618548454536720211315853877426193317276336828200609808615981598946394977689554259911737654285385159430107622446562775', '1.0', '0.044918425476441983542344047192780808759542639354456414578993173809999635252418821588481706456217091495518932314131366767525549362', '0.35757642716975802885178917794705432620860374978274609019973535324030688512759796920077848226985143999205270061042100075399691295', '0.52389069868872932626583835548484791292397333228597727370597841209337598865539564382862614093714297781439981941410471300996351009', '0.45942818168680902889767949173340161105247348535512445028656759624253741013765251632219448843835382066860721029083327247106663126', '0.6334453191792069860521542134248230473411464721249429996615884341699279886554258771928403619005473866127651927394620992137188941'],\n",
